Species 	MARP1	MARP2	MARP3	MARP4	MARP5	ABRP1	ABRP2	ABRP3	ABRP4	ABRP5	MAIP4	MAIP5	JUNP4	JUNP5	SETP4	SETP5	OUTP5	NOVP5	DEZP5	MAIP1	JUNP1	SETP1	OUTP1	OUTP3	OUTP4	NOVP1	DEZP1	MAIP2	MAIP3	JUNP2	JUNP3	SETP2	SETP3	OUTP2	NOVP2	NOVP3	NOVP4	DEZP2	DEZP3	DEZP4
Aulacoseira granulata	0	0	0	7219,86	0	2406,62	4813,24	2406,62	2406,62	0	52945,64	0	4813,24	0	146803,82	2406,62	122737,62	89044,94	36099,3	2406,62	0	2406,62	0	137177,34	0	0	0	0	19252,96	26472,82	0	7219,86	0	4813,24	12033,1	4813,24	0	14439,72	60165,5	60165,5
Coscinodiscus centralis	0	0	0	0	0	0	0	0	0	0	14439,72	0	0	0	0	0	0	0	0	2406,62	0	0	0	0	0	0	0	0	0	0	0	0	0	0	0	0	0	0	0	0
Coscinodiscus oculos-iridis	0	0	0	0	0	0	0	0	0	0	0	0	0	0	0	0	0	0	0	0	0	45725,78	12033,1	0	0	4813,24	0	0	0	0	0	7219,86	0	0	2406,62	0	0	0	0	0
Craticula ambigua	0	0	0	0	0	0	0	0	0	0	19252,96	0	0	2406,62	0	0	0	0	0	31286,06	0	2406,62	0	0	0	0	0	4813,24	7219,86	14439,72	0	0	0	0	0	0	0	0	0	0
Cyclotella meneghiniana 	0	0	0	0	0	0	0	0	19252,96	0	0	0	0	0	0	2406,62	7219,86	0	0	16846,34	4813,24	38505,92	12033,1	0	0	0	0	0	0	0	0	105891,28	2406,62	12033,1	0	0	0	67385,36	0	0
Diploneis elliptica	0	0	0	0	0	0	0	0	0	2406,62	0	0	0	0	0	0	0	0	0	0	2406,62	4813,24	0	0	0	0	0	0	0	2406,62	0	0	0	0	0	0	0	0	0	0
Diploneis gruendleri	0	0	0	0	0	0	0	0	0	0	0	0	0	0	0	0	0	0	0	0	0	0	4813,24	0	0	7219,86	7219,86	0	0	0	0	0	0	0	0	0	0	0	0	0
Entomoneis alata	0	0	0	0	0	0	0	0	0	0	0	0	0	0	0	0	0	0	0	7219,86	0	0	0	0	0	0	0	0	0	0	0	0	0	0	0	0	0	0	0	0
Eunotia sp.	0	0	0	12033,1	0	0	0	0	4813,24	0	0	0	0	0	0	0	0	0	0	0	0	0	0	0	0	0	0	0	0	0	0	0	0	0	0	0	0	0	0	0
Gyrosigma acuminatum	0	0	0	0	0	0	0	0	0	0	0	0	2406,62	0	0	0	0	2406,62	4813,24	2406,62	0	0	0	0	0	0	0	0	0	2406,62	0	0	0	0	0	0	4813,24	0	7219,86	4813,24
Hemialus indicus	0	0	0	0	0	0	0	0	0	0	0	0	0	0	0	0	0	0	0	0	0	0	0	0	0	0	2406,62	0	0	0	0	0	0	0	0	0	0	0	0	0
Melosira nummuloides	0	0	0	0	0	0	0	0	0	0	0	0	0	0	0	0	0	0	0	2406,62	0	0	0	0	0	0	0	0	0	0	0	0	0	0	0	0	0	0	0	0
Navicula antonii 	0	0	0	0	0	2406,62	0	14439,72	12033,1	9626,48	21659,58	28879,44	0	0	0	0	0	0	0	12033,1	2406,62	0	0	0	0	0	0	2406,62	0	31286,06	0	0	0	0	0	0	0	0	0	0
Nitzschia agnita	0	0	0	0	0	0	0	0	0	0	28879,44	0	4813,24	0	0	0	2406,62	0	0	0	0	0	0	0	0	0	0	0	0	0	0	0	12033,1	0	0	2406,62	0	0	0	0
Nitzschia fruticosa	0	0	0	0	0	0	0	0	0	0	9626,48	0	108297,9	45725,78	0	0	0	0	0	0	0	0	0	0	0	0	0	38505,92	12033,1	36099,3	0	0	0	0	0	0	0	0	0	0
Nitzschia longissima	0	0	0	0	0	0	0	0	0	0	2406,62	0	0	0	0	0	28879,44	45725,78	19252,96	0	0	0	0	79418,46	0	0	0	0	0	0	0	0	0	0	0	0	16846,34	0	0	55352,26
Nitzschia reversa	0	0	0	0	0	0	0	7219,86	4813,24	0	2406,62	0	0	0	0	0	2406,62	0	4813,24	0	0	0	0	0	0	0	0	0	0	0	0	0	0	0	0	0	0	0	0	0
Nitzschia sp.	0	0	0	0	0	0	0	0	0	0	9626,48	0	0	0	0	0	67385,36	250288,48	250288,48	0	0	0	0	0	0	0	0	0	0	0	0	0	0	0	0	0	0	2406,62	89044,94	72198,6
Paralia sulcata	0	0	0	0	0	0	0	0	0	0	0	0	0	0	0	0	12033,1	0	0	2406,62	7219,86	7219,86	14439,72	0	0	0	16846,34	0	0	0	0	9626,48	0	0	0	2406,62	0	0	0	0
Pinnularia acrosphaeria	0	0	0	0	0	0	0	0	0	0	0	0	0	0	12033,1	0	0	0	0	0	0	0	0	0	0	0	0	0	0	0	0	0	38505,92	0	0	0	2406,62	0	21659,58	31286,06
Polymyxus coronalis	0	7219,86	7219,86	0	0	9626,48	2406,62	0	0	0	0	2406,62	7219,86	0	14439,72	0	0	0	0	0	4813,24	4813,24	7219,86	223815,66	36099,3	0	4813,24	149210,44	48132,4	122737,62	339333,42	228628,9	620907,96	141990,58	84231,7	288794,4	495763,72	310453,98	683480,08	245475,24
Skeletonema costatum	0	0	0	0	0	0	0	0	0	0	0	0	0	0	0	0	0	0	0	7219,86	0	0	0	0	0	0	0	0	0	0	0	0	0	0	0	0	0	0	0	0
Iconella linearis	0	0	0	0	0	0	0	0	4813,24	0	0	0	0	0	0	0	0	0	7219,86	0	0	0	0	16846,34	0	0	0	0	0	2406,62	0	0	0	0	0	0	72198,6	2406,62	50539,02	259914,96
Synedra sp.	0	0	0	0	0	0	0	2406,62	2406,62	0	9626,48	0	0	0	0	0	0	0	0	2406,62	0	0	0	0	0	0	0	0	0	0	0	0	0	0	0	0	0	0	0	0
Terpsinoe musica	2406,62	0	0	0	0	0	0	0	0	0	0	0	0	0	0	0	0	0	0	0	0	0	0	0	0	0	0	0	0	0	0	0	0	0	0	0	0	0	0	0
Thalassiosira leptopus 	0	0	0	0	0	0	0	0	0	0	0	0	0	0	0	0	0	0	0	101078,04	12033,1	50539,02	0	0	0	9626,48	12033,1	0	0	45725,78	0	7219,86	0	0	14439,72	2406,62	2406,62	9626,48	0	0
Trieres mobiliensis	0	0	0	0	0	0	0	0	0	0	0	0	0	0	0	0	0	0	0	0	0	4813,24	0	0	0	0	0	0	0	0	0	0	0	0	0	0	0	0	0	0
Trieres regia	0	0	0	0	0	0	0	0	0	0	0	0	0	0	0	0	0	0	0	0	2406,62	21659,58	12033,1	0	0	7219,86	2406,62	0	0	0	0	0	0	0	2406,62	0	0	2406,62	0	0
Tryblionella sp.	0	0	0	0	0	0	0	9626,48	12033,1	0	0	0	0	0	2406,62	0	0	0	0	7219,86	0	2406,62	0	2406,62	0	0	0	0	0	0	0	2406,62	0	0	0	0	0	0	0	0
Ulnaria ulna	0	0	0	0	0	0	0	0	0	2406,62	21659,58	0	0	2406,62	0	0	2406,62	0	9626,48	0	0	7219,86	2406,62	0	0	0	0	0	7219,86	0	0	0	4813,24	0	0	0	0	0	0	4813,24
Closterium acutam var. linea	0	0	0	0	0	2406,62	2406,62	0	0	0	0	0	0	0	0	0	0	0	0	0	0	0	0	0	0	0	0	0	0	0	0	0	0	0	0	0	0	0	0	0
Closterium setaceum 	2406,62	0	0	0	0	0	2406,62	0	0	0	9626,48	0	0	0	0	4813,24	0	0	0	0	0	0	0	0	0	0	0	0	0	0	0	0	0	0	0	0	0	4813,24	0	2406,62
Cosmarium sp.	0	0	0	0	0	0	0	0	0	0	2406,62	0	0	0	0	0	0	0	0	0	0	0	0	0	0	0	0	0	2406,62	0	0	0	0	0	0	0	0	0	0	0
Euastrum elegans 	0	0	0	0	0	0	0	0	0	0	2406,62	0	0	0	0	0	0	0	0	0	0	0	0	0	0	0	0	0	0	0	0	0	0	0	0	0	0	0	0	0
Mougeotia sp.	14439,72	0	0	0	0	0	0	0	0	0	0	0	0	0	0	0	7219,86	0	0	0	0	0	0	0	0	0	0	0	0	0	0	0	7219,86	0	0	0	0	0	0	0
Staurastrum elongatum	0	0	0	0	0	0	0	0	0	0	2406,62	0	0	0	0	21659,58	4813,24	0	0	0	0	0	0	0	0	0	0	0	0	0	0	0	0	0	0	0	0	0	2406,62	0
Staurastrum johnsonii	0	0	0	0	0	0	0	0	0	0	0	0	0	0	0	4813,24	24066,2	7219,86	0	0	0	0	0	0	0	0	0	0	0	0	0	0	0	0	0	0	0	0	2406,62	0
Staurastrum margaritaceum	0	0	0	0	0	0	0	0	0	0	0	0	0	2406,62	2406,62	2406,62	0	2406,62	0	0	0	0	0	0	0	0	0	0	2406,62	0	0	0	2406,62	0	0	0	0	0	0	2406,62
Staurastrum setigerum	0	0	0	0	0	0	0	0	0	0	0	0	0	0	0	2406,62	0	0	0	0	0	0	0	0	0	0	0	0	0	0	0	0	0	0	0	0	0	0	0	0
Staurastrum sp. 	2406,62	0	0	0	0	0	0	0	0	0	0	0	2406,62	0	0	2406,62	0	33692,68	0	0	0	0	0	0	0	0	0	0	0	0	4813,24	0	0	0	0	0	0	0	0	0
Staurodesmus triangulare	0	0	0	0	0	0	0	0	0	0	0	0	0	0	0	2406,62	0	0	0	0	0	0	0	0	0	0	0	0	0	0	0	0	0	0	0	0	0	0	0	0
Staurastrum cyrtocerum var. unguiculatum	0	0	0	0	0	0	0	0	0	0	0	0	0	0	0	9626,48	0	0	0	0	0	0	0	0	0	0	0	0	0	0	0	0	0	0	0	0	0	0	0	0
Chlorella sp.	0	0	0	0	0	0	2406,62	0	0	0	12033,1	0	0	0	0	0	0	0	0	2406,62	0	0	0	0	0	0	0	4813,24	0	0	0	0	0	0	0	0	0	0	0	0
Coelastrum astroideum	0	0	0	0	0	0	0	0	0	0	0	0	0	0	0	14439,72	2406,62	0	0	0	0	0	0	0	0	0	0	0	0	0	0	0	19252,96	0	0	0	2406,62	0	0	0
Coelastrum proboscideum	0	0	0	0	0	0	0	0	2406,62	0	7219,86	0	0	0	2406,62	0	2406,62	0	0	0	0	0	0	4813,24	2406,62	0	0	0	0	0	0	0	0	0	0	0	2406,62	0	0	0
Coenocystis subcylindrica	0	0	0	0	0	0	0	0	0	0	0	0	0	0	2406,62	0	0	0	0	0	0	0	0	0	0	0	0	0	0	0	0	0	12033,1	0	0	0	0	0	0	0
Crucigenia cruficera 	0	0	0	0	0	0	0	0	0	0	0	0	0	0	0	0	4813,24	0	0	0	0	0	0	0	0	0	0	0	0	0	0	0	0	0	0	0	0	0	0	0
Crucigenia quadrata	0	0	0	0	0	0	0	0	0	0	0	0	0	0	0	0	2406,62	0	0	0	0	0	0	0	0	0	0	0	0	0	0	0	0	0	7219,86	4813,24	7219,86	0	0	0
Desmodesmus bicaudatus	0	0	0	0	0	0	0	0	0	0	7219,86	0	4813,24	0	16846,34	38505,92	0	0	0	0	0	0	0	0	0	0	0	0	12033,1	0	4813,24	9626,48	7219,86	0	0	0	0	0	0	0
Desmodesmus communis	0	0	0	0	0	0	0	2406,62	2406,62	2406,62	125144,24	4813,24	9626,48	40912,54	0	0	14439,72	21659,58	2406,62	0	0	0	0	0	0	0	0	0	9626,48	9626,48	2406,62	4813,24	0	33692,68	0	2406,62	21659,58	9626,48	4813,24	0
Desmodesmus denticulatus 	0	0	0	0	0	0	0	0	0	0	0	0	0	0	0	0	0	0	0	0	0	0	0	2406,62	4813,24	0	0	0	0	0	0	0	0	0	0	0	0	0	0	0
Desmodesmus maximus 	0	0	0	0	0	0	0	0	0	0	0	0	0	0	0	0	0	0	0	0	0	0	0	2406,62	0	0	0	0	2406,62	0	0	0	0	0	0	0	0	0	0	0
Dictyosphaerium sp.	0	0	0	0	0	0	0	0	0	0	26472,82	0	0	0	0	0	0	0	0	0	0	0	0	0	0	0	0	0	0	0	0	0	0	0	0	0	0	0	0	0
Dimorphococcus sp.	0	0	0	0	0	0	0	0	0	0	2406,62	0	0	0	0	0	0	0	0	0	0	0	0	0	0	0	0	2406,62	0	0	0	4813,24	0	0	0	0	0	0	0	0
Eudorina elegans	0	0	0	0	0	0	0	0	0	0	0	0	0	0	0	7219,86	0	0	0	0	0	0	0	0	0	0	0	0	0	0	0	0	0	0	0	2406,62	0	0	0	0
Lacunastrum gracilimum	0	0	0	0	0	0	0	0	0	0	0	0	0	0	0	0	0	2406,62	0	0	0	0	0	0	0	0	0	0	0	0	0	0	0	0	0	0	0	0	2406,62	2406,62
Lemmermannia komarekii	0	0	0	0	0	14439,72	12033,1	4813,24	7219,86	4813,24	38505,92	0	0	0	0	4813,24	4813,24	0	0	0	0	0	0	0	0	0	0	0	0	2406,62	4813,24	0	0	0	0	0	0	0	0	0
Monoraphidium caribeum	0	0	0	0	0	0	4813,24	0	0	7219,86	40912,54	2406,62	0	4813,24	0	0	0	0	0	0	0	0	0	0	0	0	0	0	0	0	0	0	0	0	0	0	0	0	0	0
Oocystis borgei 	0	0	0	0	0	0	0	0	0	0	0	0	0	0	0	0	0	0	0	0	0	0	0	2406,62	0	0	0	0	0	0	0	0	0	0	0	0	0	0	0	0
Oocystis lacustris	0	0	0	0	0	0	0	0	0	0	0	0	0	7219,86	0	0	0	0	0	0	4813,24	0	0	2406,62	0	0	0	0	0	0	4813,24	0	0	0	0	0	0	0	0	0
Parapediastrum biradiatum	0	0	0	0	0	0	0	0	0	0	0	0	0	2406,62	0	0	0	0	0	0	0	0	0	0	0	0	0	0	0	0	0	0	0	0	0	0	0	0	0	0
Pediastrum boryanum var. longicorne	0	0	0	0	0	0	0	0	0	0	0	0	0	0	0	0	0	0	0	0	0	0	0	7219,86	0	0	0	0	0	0	0	0	0	0	0	0	0	0	0	0
Pediastrum duplex	0	0	0	0	0	0	0	0	0	0	9626,48	0	0	2406,62	0	2406,62	2406,62	0	0	0	0	0	0	0	0	0	0	0	9626,48	2406,62	0	0	0	0	0	2406,62	9626,48	2406,62	2406,62	2406,62
Pediastrum simplex	2406,62	0	0	0	0	0	0	0	0	0	2406,62	0	0	0	0	0	0	0	0	0	0	0	0	2406,62	0	0	0	0	0	0	0	0	0	0	0	0	0	0	0	0
Pediastrum tetras var. apiculatum 	0	0	0	0	0	0	0	0	0	0	0	0	0	0	0	12033,1	0	0	0	0	0	0	0	0	0	0	0	0	0	0	0	0	0	0	0	0	0	0	0	0
Radiococcus polycoccus 	0	0	0	0	0	0	0	0	0	0	0	0	0	0	0	2406,62	0	0	0	0	0	0	0	0	0	0	0	0	0	0	0	0	0	0	0	0	0	0	0	0
Scenedesmus brasiliensis	0	0	0	0	0	0	0	0	0	0	0	0	0	0	4813,24	16846,34	0	0	0	0	0	0	0	0	2406,62	0	0	0	0	0	0	0	0	0	0	0	0	0	0	0
Stauridium tetras	0	0	0	0	0	0	0	0	0	0	7219,86	0	0	2406,62	0	16846,34	0	0	0	0	0	0	2406,62	0	0	0	0	0	0	0	2406,62	0	0	0	0	0	0	0	0	0
Tetradesmus lagerheimii	0	0	0	0	0	0	0	2406,62	2406,62	0	14439,72	0	0	0	2406,62	4813,24	2406,62	14439,72	0	2406,62	0	0	0	14439,72	0	0	0	2406,62	2406,62	0	0	0	2406,62	0	0	2406,62	14439,72	0	2406,62	4813,24
Tetraspora sp.	0	0	0	0	0	0	0	0	0	0	55352,26	0	0	0	0	0	0	7219,86	0	0	0	0	0	0	0	0	0	0	4813,24	0	0	0	0	0	0	0	0	0	0	0
Tetrastrum heteracanthun	0	0	0	0	0	0	0	0	0	0	0	0	0	7219,86	0	0	0	0	0	0	0	0	0	0	0	0	0	0	0	0	0	0	0	0	0	0	0	0	0	0
Tetrastrum triangulare	0	0	0	0	0	0	0	0	0	0	4813,24	0	0	2406,62	0	4813,24	0	0	0	0	0	0	0	0	0	0	0	0	0	0	0	0	2406,62	0	0	0	0	0	0	0
Aphanocapsa delicatissima	9626,48	4813,24	0	0	0	0	0	0	0	0	0	0	0	12033,1	64978,74	7219,86	0	9626,48	0	0	0	0	2406,62	4813,24	7219,86	0	0	0	0	0	0	0	86638,32	0	7219,86	0	16846,34	0	0	0
Aphanocapsa elachista	0	0	0	0	0	0	0	0	0	0	0	0	0	0	0	0	0	0	0	0	0	0	0	0	0	0	0	0	0	0	0	0	9626,48	0	0	0	0	0	0	0
Aphanocapsa koordersii	0	0	0	0	0	0	0	0	0	0	0	0	0	24066,2	0	0	9626,48	0	0	0	0	0	0	2406,62	0	0	0	0	0	7219,86	0	2406,62	0	0	0	0	7219,86	0	0	0
Nostoc sphaericum 	33692,68	26472,82	12033,1	7219,86	7219,86	0	4813,24	0	7219,86	0	0	19252,96	12033,1	9626,48	0	0	0	0	0	2406,62	4813,24	0	0	0	0	0	0	0	4813,24	9626,48	24066,2	2406,62	0	0	0	0	0	0	0	0
Dolichospermum planctonicum	0	0	0	0	0	0	0	0	0	0	0	0	0	0	0	0	60165,5	0	0	0	0	0	0	0	0	0	0	0	0	0	0	0	0	0	0	0	0	0	0	0
Merismopedia punctata	0	0	0	0	0	0	0	7219,86	0	2406,62	7219,86	0	0	0	0	0	0	0	0	0	0	0	0	0	0	0	0	0	0	0	0	0	0	0	0	0	0	0	0	0
Microcystis aeruginosa	0	0	0	0	0	0	0	0	0	0	2406,62	0	0	0	0	0	0	0	0	0	0	0	0	0	4813,24	0	0	0	0	0	4813,24	4813,24	31286,06	0	2406,62	0	0	0	0	0
Microcystis protocystis	0	0	0	0	0	0	0	0	0	0	0	0	0	0	0	0	0	0	0	0	0	0	0	0	0	0	0	0	0	0	0	0	4813,24	0	0	0	0	0	0	0
Oscillatoria limosa	0	0	0	0	0	0	0	0	2406,62	0	0	0	0	0	0	0	0	0	0	0	0	0	0	0	0	0	0	0	0	0	0	0	0	0	0	0	0	0	0	0
Planktolyngbya contorta	0	0	0	0	0	0	0	0	0	0	0	0	2406,62	2406,62	0	0	2406,62	0	0	0	0	0	0	0	0	0	0	0	0	0	0	0	2406,62	0	0	0	0	0	0	0
Spirulina sp.	0	0	0	0	0	0	0	0	0	0	0	0	0	0	0	9626,48	0	2406,62	0	0	0	0	0	0	0	0	0	0	0	0	0	0	2406,62	0	0	0	0	0	0	0
Peridinium sp. 	0	0	0	0	0	0	0	0	0	0	0	0	0	0	0	0	0	0	0	0	0	0	0	2406,62	0	0	0	0	0	0	0	0	0	0	0	0	0	0	0	0
Strombomonas acuminata	0	0	0	0	0	0	0	2406,62	0	0	0	0	0	0	0	0	0	0	0	0	0	0	0	0	0	0	0	0	0	0	0	0	0	0	0	0	0	0	0	0
Strombomonas caudata	0	0	0	0	0	0	0	0	16846,34	0	0	0	0	0	0	0	0	0	0	0	0	0	0	0	0	0	0	0	0	0	0	0	0	0	0	0	0	0	0	0
Strombomonas gibberosa	0	0	0	0	0	0	0	0	2406,62	0	0	0	0	0	0	0	0	0	0	0	0	0	0	0	0	0	0	0	0	0	0	0	0	0	0	0	0	0	0	0
Strombomonas treubii	0	0	0	0	0	2406,62	0	0	0	0	0	0	0	0	0	0	0	0	0	0	0	0	0	0	0	0	0	0	0	0	0	0	0	0	0	0	0	0	0	0
Trachelomonas abrupta	0	0	0	0	0	0	0	0	2406,62	0	0	0	0	0	0	0	0	0	0	0	0	0	0	0	0	0	0	0	0	0	0	0	0	0	0	0	0	0	0	0
Trachelomonas caudata	0	0	0	0	0	0	0	2406,62	4813,24	0	7219,86	0	2406,62	2406,62	0	0	0	0	0	0	0	0	0	0	0	0	0	0	0	9626,48	2406,62	0	0	0	0	0	0	0	0	0
Trachelomonas elliptica	0	0	0	0	0	2406,62	0	0	0	0	0	0	0	0	0	0	0	0	0	0	0	0	0	0	0	0	0	0	0	0	0	0	0	0	0	0	0	0	0	0
Trachelomonas scabra	0	0	0	0	0	0	0	2406,62	0	0	0	0	0	0	0	0	0	0	0	0	0	0	0	0	0	0	0	0	0	0	0	0	0	0	0	0	0	0	0	0
Trachelomonas volvocionopsis f. punctata	0	0	0	0	0	0	0	0	4813,24	0	0	0	0	0	0	0	0	0	0	0	0	0	0	0	0	0	0	0	0	0	0	0	0	0	0	0	0	0	0	0
